[1][1][1][1][1][1][1][1][4][4][4][10][10][10][20][20][20][20][20][20][20][40][40][40][40][40][40][40][40]
  5
[4][4][4][4][4][4][10][10][10][10][10][10][10][20][20][20][20][20][20][20][20]
1000000000
[1][1][1][1][1][1][2][2][4][10][10][10][10][10][10][10][20]
  3
[1][2][2][2][2][2][2][2][2][2][4][4][4][10][10][10][10][20][20][20][20][20][20][20][20][20]
  4
[1][1][1][1][2][2][2][2][2][4][4][4][4][4][4][4][4][10][10][10][20][20][20][20][40][40]
  4
[1][1][1][1][1][1][1][2][4][4][4][4][4][4][4][4][10][10][10][10][40][40][40]
  3
[2][2][2][2][2][2][4][4][4][10][10][10][20][20][20][20][20][20][20][20][20][40][40][40]
1000000000
[1][1][1][1][1][1][1][2][2][2][2][2][2][2][2][2][4][10][10][10][10][20][20][20][20][20][40][40][40][40][40][40]
  4
[1][1][1][2][10][10][10][10][10][10][10][20][20][20][20][40][40][40][40][40][40][40][40][40]
  4
[1][1][2][2][2][2][2][2][2][2][4][4][4][4][4][10][10][10][10][10][10][20][20][20][40][40]
  3
[1][1][1][1][1][2][2][2][4][4][4][4][4][4][4][4][4][10][10][10][10][10][10][10][10][10][20][20][20][20][20][20][20][20][40][40][40][40][40][40]
  1
[1][1][1][1][1][1][2][2][2][2][2][4][4][10][10][10][10][10][10][10][10][20][20][20][20][20][40][40][40][40]
  2
[1][1][1][1][1][1][1][4][10][10][10][20][20][20][20][20][20][20][20][40][40][40]
  2
[1][1][1][1][2][2][2][4][4][10][20][20][20][20][40][40]
  1
[1][1][1][1][1][1][1][1][1][4][10][10][10][10][10][10][10][10][20][20][20][20][40][40][40][40][40][40][40][40][40]
  6
[1][1][1][1][2][2][2][2][2][2][4][4][10][10][10][10][10][10][40][40][40]
  4
[1][2][2][2][2][2][2][4][4][4][10][10][10][10][20][20][20][20][20][20][20][40]
  4
[1][1][1][1][1][1][1][1][1][2][2][2][2][2][2][10][10][10][40][40][40]
  5
[1][1][1][1][1][2][2][2][4][4][4][4][4][4][4][10][10][10][10][10][10][10][10][20][20][20][20][20]
  6
[1][1][1][1][1][1][1][1][2][2][2][2][2][2][2][4][4][4][4][4][4][4][10][10][10][10][20][20][20][20][20][20][40]
  4
[1][1][1][2][2][2][2][4][4][10][10][10][10][10][10][10][10][10][20][40][40][40][40][40]
  5
[1][1][1][1][1][1][1][1][1][2][2][2][2][4][4][4][4][20][20][20][20][20][20][20][40][40][40][40][40]
  1
[1][1][1][2][2][2][2][2][2][2][2][2][10][10][10][10][10][10][10][10][20][20][20][20][20][20][40][40][40]
  3
[1][1][1][1][1][1][2][2][2][2][2][2][2][2][4][4][4][4][4][10][20][20][20][20][20][20][20][20][20][40][40][40][40][40][40]
  3
[1][1][1][1][2][2][2][2][2][4][4][4][4][4][4][4][4][4][20][20][20][20][20][20][20][40][40][40][40][40]
  2
[1][1][1][1][1][1][1][2][2][2][2][2][2][2][2][4][4][4][4][10][10][10][10][10][20][40][40][40][40][40][40][40]
  1
[2][2][2][2][2][4][4][4][4][4][10][20][20][20][20][20][20][40]
1000000000
[1][1][2][2][2][2][2][2][2][2][2][4][4][4][10][10][10][10][20][20][20][20][20][20][20][20][40][40][40][40][40][40][40]
  2
[1][1][1][2][4][4][4][4][4][10][10][10][10][10][10][10][20][20][20][40][40][40][40][40][40][40][40][40]
  4
[1][1][1][1][1][1][1][1][2][2][2][2][2][2][2][2][4][4][10][10][10][10][10][10][10][10][20][20][20][20][20][20][20][20][20][40][40][40][40][40][40]
  2
[1][1][1][1][1][2][2][4][4][4][4][4][10][10][10][10][10][10][10][10][20][20][20][20][20][20][20][20][20][40][40][40][40][40][40]
  6
[2][2][2][2][2][2][2][2][2][10][10][10][10][10][10][10][10][10][20][20][20][40][40]
1000000000
[1][1][1][1][2][2][2][4][10][10][10][10][10][10][10][20][20][40][40]
  2
[1][1][1][1][1][1][4][10][10][10][20][20][20][20][20][20][20][20][20]
  6
[1][1][1][1][1][1][1][1][1][2][2][2][2][2][2][2][2][2][4][4][4][4][4][4][10][20][20][20][20][40]
  3
[1][1][1][1][2][4][4][4][4][4][4][4][4][4][40]
  9
[1][1][1][1][1][1][1][1][2][2][2][2][2][2][2][2][2][4][4][4][4][10][10][10][10][40][40]
  3
[1][1][2][2][2][2][2][2][4][4][4][4][4][4][4][4][10][10][10][10][10][10][10][10][20][20][20][20][20][20][40][40][40]
  3
[1][1][1][1][1][1][1][2][2][2][2][4][4][4][10][10][10][10][10][10][20][20][20][20][20][20][20][20][40][40][40][40][40][40][40]
  4
[1][1][1][1][2][2][2][4][10][10][20][20][20][20][20][40][40][40][40][40][40][40][40][40]
  2
[1][1][2][2][2][2][2][2][2][2][4][4][4][10][20][20][20][20][20][40][40][40][40][40][40][40][40][40]
  4
[1][1][1][1][1][1][2][2][4][4][4][4][4][4][4][4][4][10][10][10][10][10][10][10][10][20][20][20][20][20][20][40][40][40]
  3
[1][1][1][1][1][1][1][1][1][2][2][2][2][2][2][2][2][2][4][4][4][4][4][4][4][4][10][10][10][10][10][10][10][10][20][20][40][40][40]
  1
[1][1][1][1][1][1][2][2][2][2][2][2][2][4][4][4][4][4][4][4][4][4][10][10][20][20][20][20][20][20][20][20][20][40][40][40][40][40][40][40][40][40]
  4
[2][2][2][2][10][10][10][10][10][10][10][10][10][20][40][40][40][40][40][40]
  2
[1][1][1][2][2][4][4][10][10][10][10][10][10][10][20][20][20][20][20][20][20][20][20][40][40][40]
  5
[1][1][1][1][1][1][2][2][2][2][2][2][2][4][4][4][10][10][10][10][10][10][10][10][20][20][20][40][40][40][40][40][40][40][40][40]
  4
[1][2][2][2][2][2][2][10][10][10][10][10][10][20][20][20][20][20][20][20][40][40][40][40][40][40][40]
  3
[1][2][2][2][2][2][2][4][4][4][4][4][4][4][10][10][10][10][10][20][20][20][20][40][40][40][40][40][40]
  3
[1][1][1][1][1][2][2][2][2][2][4][4][4][4][4][4][4][10][10][10][40][40]
  2
[1][1][1][2][2][2][2][2][4][4][4][4][4][4][4][10][10][10][10][10][10][20][20][20][20][20][20][20][20][20][40][40][40][40][40][40][40]
  1
[1][1][1][1][1][1][1][1][1][2][2][2][4][4][4][4][10][10][10][20][20][20][20][20][20][20][20][40][40][40][40][40][40][40][40][40]
  1
[1][1][1][2][4][10][10][10][10][10][10][10][10][10][20][20][20][20][20][20][20][20][20][40][40][40][40][40]
  4
[1][4][4][4][4][4][4][4][4][10][10][10][10][10][10][10][10][20][20][20][20][20][20][20][20]
  7
[1][1][1][1][1][1][2][2][2][2][2][2][2][2][2][4][4][4][4][4][4][4][4][10][10][20][20][20][20][20][20][40]
  3
[1][1][1][1][1][1][2][2][2][2][4][4][4][4][4][4][10][10][10][10][10][10][10][10][20][20][20][20][20][40][40][40][40][40][40][40]
  5
[1][1][2][2][2][2][2][4][4][4][4][4][4][10][10][10][10][10][20][40][40][40][40][40][40][40][40]
  3
[1][1][1][1][1][1][1][1][2][2][2][2][2][2][2][2][10][10][10][10][20][20][20][20][20][20][20][20][20][40][40][40][40][40][40]
  3
[2][2][2][2][2][2][2][4][4][4][4][4][10][10][10][10][10][20][40][40][40][40][40][40][40][40]
  5
[2][4][4][10][10][10][10][10][10][10][10][20][20][20][20][20][20][20][20][20][40][40][40][40][40][40][40]
1000000000
[1][1][1][1][1][1][2][2][2][2][2][2][2][2][4][4][4][4][4][4][4][4][4][10][20][20][20][20][20][20][40][40][40][40][40][40][40][40][40]
  4
[1][1][1][1][1][2][2][2][2][2][4][4][4][4][4][4][4][4][10][20][40][40][40]
  5
[1][2][2][2][2][2][2][2][4][4][4][4][20][40][40][40]
  4
[1][1][1][1][2][2][2][4][4][4][40][40][40][40][40][40][40]
  3
[1][1][1][1][2][2][2][2][2][2][4][4][4][4][10][20][20][20][20][20][20][40][40][40]
  6
[1][1][1][1][1][1][1][1][2][10][10][10][10][10][10][20][40][40][40][40][40]
  2
[1][1][1][1][1][1][1][2][2][2][2][2][4][4][4][4][4][4][4][4][4][10][10][10][10][10][20][20][20][40][40][40][40][40][40][40]
  2
[1][1][1][1][1][1][1][1][1][2][4][4][4][4][4][4][4][10][10][10][10][10][10][20][20][20][20][20][20][40][40][40][40][40][40]
  5
[1][1][1][1][1][2][4][4][4][10][10][20][20][20][40][40]
  4
[1][2][2][2][2][2][2][2][2][2][4][4][4][4][4][4][4][4][10][20][20][20][20][20][20][20][20][20][40][40]
  2
[1][1][1][1][1][1][1][2][2][2][2][2][2][2][2][2][4][4][4][4][4][10][10][10][10][10][20][20][20][20][20][40][40][40][40]
  3
[1][1][1][1][1][1][1][1][1][2][2][2][2][2][2][4][4][4][4][4][4][4][10][10][10][20][20][20][40][40][40][40][40][40][40][40][40]
  3
[1][1][1][1][1][1][1][1][2][2][2][2][2][2][2][4][10][10][10][10][10][10][10][10][10][20][20][20][40][40][40]
  2
[2][2][2][2][2][2][4][4][4][4][4][4][4][4][10][10][10][10][10][10][10][20][20][20][20][20][20][20][20][40][40][40][40][40][40][40][40]
1000000000
[1][1][1][1][1][2][2][2][2][2][2][2][4][4][4][4][4][10][10][10][10][10][10][10][10][10][20][40][40][40][40][40][40][40][40][40]
  4
[1][1][1][1][1][1][2][2][2][2][10][10][10][10][10][10][10][20][20][20][40][40][40][40][40]
  5
[1][1][1][1][1][1][2][2][2][2][2][2][4][4][4][4][4][4][10][10][20][20][20][20][20][20][20][20][40][40][40][40][40][40]
  5
[1][1][1][1][2][2][4][4][4][10][10][10][10][10][10][10][10][10][20][20][20][20][20][20][20][20][40][40]
  1
[1][2][2][2][2][2][2][2][2][2][4][4][4][4][4][4][4][10][10][10][10][20][20][20][20][40][40]
  4
[2][2][2][2][2][2][2][2][4][4][4][4][4][4][4][4][10][10][10][10][10][10][10][10][20][20][20][20][20][20][20][20][40][40][40][40][40][40][40]
  2
[1][1][4][4][10][10][10][10][10][40][40][40]
1000000000
[1][1][1][1][1][1][1][2][2][2][2][2][2][2][4][4][4][4][4][4][4][4][4][10][10][10][10][10][10][20][20][20][20][20][20][20][20][20][40][40][40][40]
  6
[1][1][1][1][1][1][2][2][2][2][2][2][2][4][10][10][10][10][10][10][10][10][10][20][20][20][20][20][40][40][40][40][40][40][40][40][40]
  4
[1][1][1][1][1][4][4][4][4][4][4][4][4][4][10][20][20][20][20][20][20][20][40][40][40][40][40][40]
  3
[1][1][1][1][2][2][2][2][2][2][2][2][2][4][4][4][4][4][4][10][10][10][20][20][20][20][20][20][20][20][40][40][40][40][40][40]
  3
[1][1][1][1][1][1][1][1][2][2][2][2][2][2][4][4][4][4][4][4][4][4][10][10][10][10][20][20]
  4
[1][1][1][2][2][2][2][2][2][10][10][10][10][10][10][20][20][20][20][40][40][40][40][40][40][40]
  4
[1][1][1][1][1][2][2][2][2][2][4][4][4][10][10][10][10][10][10][20][20][20][20][20][20][20][20][40][40][40][40]
  5
[1][1][1][1][2][2][2][2][2][2][2][2][2][4][4][10][10][10][10][10][10][10][20][20][20][20][20][20][40][40][40][40][40]
  4
[1][1][1][1][1][4][4][20][20][40][40][40][40][40][40][40][40][40]
  5
[1][1][1][1][1][1][1][2][2][4][4][10][10][10][10][10][10][10][10][20][40][40][40][40][40][40][40][40]
  5
[1][1][1][1][1][1][1][1][2][2][2][2][4][4][4][4][4][4][4][10][10][20][20][20][20][20][20][20][20][20][40][40][40][40][40][40][40][40][40]
  5
[1][1][1][1][1][1][1][1][1][2][2][2][2][2][2][2][4][4][4][4][4][20][20][20][20][20][20][20][20]
  4
[1][1][1][1][1][1][1][2][2][2][2][2][2][2][2][4][4][4][4][4][4][4][10][10][20][20][20][20][20][20][20][20][40][40][40]
  4
[1][1][1][1][1][1][1][1][2][2][2][2][2][2][2][4][4][4][4][4][4][4][4][4][10][10][10][20][20][20][20][20][20][20][20][20][40][40][40][40][40][40]
  5
[1][1][2][2][2][2][2][2][2][2][2][4][4][4][4][4][4][4][10][10][10][10][10][10][10][10][10][20][20][20][20][20][20][20][40][40][40]
  3
[1][1][1][1][1][1][1][1][2][2][4][4][4][4][4][4][10][40][40][40][40][40][40][40]
  3
[1][1][1][1][1][2][2][2][2][4][4][4][4][4][4][4][4][4][10][10][10][10][10][10][10][10][20][20][20][20][20][20][20][20][20][40][40]
  6
[1][1][1][1][1][2][2][2][4][4][10][10][10][10][20][20][20][20][20][20][40][40][40][40]
  4
[1][1][1][1][1][1][2][2][2][2][2][4][4][4][4][4][4][4][4][10][10][10][10][10][10][20][20][20][20][20][20][20][40][40][40][40][40][40][40][40]
  2
[1][1][1][2][2][2][2][4][4][20][40][40][40][40][40][40][40][40]
  8
[1][2][2][2][4][4][4][10][10][10][10][10][10][10][10][40][40][40][40][40][40][40][40][40]
  5
[1][1][1][1][1][1][1][2][2][2][2][4][4][4][4][4][4][4][4][10][10][10][10][10][10][10][10][20][20][40]
  6
[1][1][1][2][2][2][2][4][10][10][20][20][20][20][20][20][40][40][40][40][40][40][40]
  5
[1][1][1][1][1][1][2][2][10][10][10][40][40][40]
  4
[1][1][1][1][1][1][1][2][2][2][2][2][2][2][2][2][4][10][20][20][20][20][20][20][20][40]
  3
[1][1][2][2][2][2][4][4][4][4][4][10][10][10][10][20][20][20][40][40][40][40][40]
  4
[1][1][1][1][1][1][1][1][2][4][4][4][4][4][10][10][10][10][10][20][20][20][20][20][20][20][20][40]
  4
[1][2][2][2][2][2][2][4][4][40][40][40][40][40][40][40]
  9
[1][1][2][2][2][2][2][2][4][4][4][4][10][20][20][20][20][20][20][20][20][20][40][40][40][40][40][40]
  5
[1][1][1][1][1][1][1][1][2][2][2][2][4][4][4][4][4][4][4][4][4][10][10][10][10][10][10][40][40][40][40]
  1
[1][2][4][4][4][4][4][4][4][10][20][20][40][40][40][40][40][40][40]
  2
[2][4][4][4][4][10][10][10][10][20][20][20][20][20][40][40][40][40][40][40][40][40][40]
1000000000
[1][1][2][2][2][2][4][4][4][4][4][10][10][10][10][10][10][10][10][10][20][20][20][20][20][40][40][40][40][40][40][40]
  3
[1][1][1][1][1][1][1][1][1][2][2][2][4][4][4][4][4][4][4][10][10][20][20][20][20][20][20][20][20][20][40][40]
  3
[1][1][2][2][2][2][2][2][2][4][4][4][4][4][4][4][10][10][10][10][10][20][40][40][40][40][40]
  5
[2][4][4][4][4][4][10][10][10][20][20][20][20][20][20][20][20][20][40][40][40][40][40][40]
  4
[2][4][4][4][4][4][4][4][4][10][10][10][10][10][10][10][10][20][20][20][20][20][20][20][20][40][40][40][40][40]
1000000000
[1][1][1][1][1][1][2][2][2][2][2][2][2][2][2][4][4][4][4][4][4][4][4][10][10][10][20][20][40]
  4
[1][1][1][1][2][2][2][4][4][4][4][4][4][4][4][10][10][10][10][10][20][20][20][20][20][20][40][40][40][40][40]
  2
[1][1][1][1][1][1][1][1][1][2][2][2][2][2][2][2][4][4][4][4][4][4][4][4][10][10][10][10][10][40][40][40][40][40][40][40]
  4
[1][1][1][1][1][1][1][1][2][2][2][2][2][2][2][2][4][4][4][4][4][4][4][10][10][10][10][10][10][40][40][40][40][40][40][40]
  5
[1][1][1][1][1][2][2][2][2][2][2][2][2][2][4][4][4][4][10][10][10][10][10][20][20][20][20][20][20][20][20][40][40][40][40][40][40][40][40]
  3
[1][1][1][1][1][1][1][2][2][4][4][4][4][10][10][10][10][20][20][20][40][40][40][40]
  1
[2][2][2][2][2][4][20][40][40][40][40][40][40][40][40][40]
1000000000
[2][2][2][2][2][2][4][4][4][4][4][10][10][10][20][20][20][20][20][20][20][20][20][40][40][40]
1000000000
[1][1][1][1][1][1][1][1][2][2][4][4][4][4][4][4][10][20][20][20][20][20][20][20][40][40][40]
  3
[1][1][1][1][1][1][2][2][2][2][2][2][2][2][2][4][4][4][10][10][10][10][10][10][10][20][20][20][40][40][40][40][40][40][40][40]
  6
[1][1][1][1][1][1][1][1][2][2][2][2][2][2][2][2][4][4][4][4][10][10][10][10][20][20][20][20][20][20][20][40]
  2
[1][1][1][1][1][1][1][1][2][2][2][2][4][4][4][4][10][10][10][10][10][20][20][20][20][20][20][20][40][40]
  3
[2][2][2][2][2][2][2][10][20][20][20][20][20][20][20][20][40][40][40][40][40][40]
1000000000
[1][1][4][4][4][10][10][10][10][10][10][10][10][10][20][20][20][40][40][40][40][40]
  3
[2][2][2][2][2][2][2][2][4][4][4][4][4][10][10][10][10][10][20][20][20][20][20][20][20][40][40][40]
  3
[1][1][1][1][1][1][1][1][1][4][4][4][4][4][4][4][4][10][10][10][10][20][20][20][40][40][40]
  5
[1][1][1][1][1][1][1][1][2][2][2][2][2][2][4][4][4][4][4][4][4][4][4][10][10][10][10][10][10][20][20][20][20][20][20][20][20][40]
  1
[1][1][1][1][1][1][1][1][1][2][2][2][2][2][2][2][4][4][4][4][4][4][20][20][20][40][40][40][40][40][40]
  3
[1][1][1][1][1][1][1][1][2][2][4][4][10][20][20][20][20][20][20][20][40][40][40][40][40][40][40]
  4
[1][1][2][10][10][10][10][10][10][10][20][20][20]
  3
[1][1][1][1][1][1][1][1][1][2][2][2][4][4][4][4][4][10][10][10][10][10][10][20][20][20][20][20][20][20][20][40][40][40][40][40][40][40][40][40]
  3
[1][1][2][2][2][2][2][2][4][4][4][4][4][10][10][10][10][10][10][10][10][10][20][20][20][20][20][20][20][40][40][40][40][40][40]
  1
[2][2][2][2][2][2][4][4][4][20][20][20][20][20][20][40][40][40][40][40]
  2
[1][1][1][1][1][2][2][2][2][2][2][2][4][4][4][4][4][4][4][10][20][20][20][20][40][40][40][40][40]
  2
[1][1][1][1][1][1][1][2][2][2][2][2][2][2][2][2][4][4][4][4][4][4][10][10][10][20][20][20][20][20][20][20][40]
  3
[1][1][1][1][1][1][2][2][2][2][2][4][4][4][4][4][4][4][10][10][10][10][20][20][40][40][40][40][40][40]
  5
[1][1][1][1][1][1][1][2][2][2][2][4][4][4][4][4][4][4][4][4][10][10][10][10][10][10][10][10][20][40][40]
  5
[1][1][1][1][1][1][2][2][4][10][20][20][20][20][20][20][20][40][40][40][40][40][40][40][40]
  4
[1][1][1][1][1][1][1][2][2][2][2][2][2][4][4][4][10][10][10][10][10][10][10][10][10][40][40]
  5
[1][1][1][1][1][2][2][4][4][4][4][4][4][4][4][4][10][10][10][10][10][10][10][40][40][40]
  6
[1][1][1][1][1][2][2][2][2][4][4][4][4][4][4][4][4][4][10][10][10][10][20][20][20][40][40][40][40]
  2
[1][1][2][2][2][2][2][2][2][4][4][4][20][20][20][20][20][20][20][20][20][40][40][40][40][40][40][40][40]
  5
[2][2][2][2][2][2][2][10][10][10][10][10][10][10][10][10][20][40]
  3
[1][1][1][2][4][4][4][4][4][4][4][10][20][20][20][20][20][20][20][20][40][40][40]
  2
[1][1][1][1][2][2][2][2][2][2][4][4][4][4][4][4][4][4][4][10][10][10][10][10][20][20][20][20][20][20][20][20][20][40][40][40][40][40][40][40][40]
  5
[1][1][1][1][1][1][1][1][1][2][2][2][2][2][2][2][4][4][4][4][4][4][4][4][10][10][10][20][20][20][20][20][20][20][20][20][40][40][40][40][40][40]
  4
[1][1][1][1][1][1][1][1][2][2][2][2][4][4][4][4][4][4][4][4][4][20][20][40][40][40][40][40][40]
  4
[1][1][2][2][2][2][2][2][2][2][2][4][4][4][4][10][10][10][10][10][40][40][40]
  2
[1][1][2][2][2][2][2][2][2][2][2][10][10][20][20][40][40][40][40][40]
  3
[1][2][2][2][2][2][2][4][10][10][10]
  4
[1][1][2][2][2][2][2][2][2][2][4][4][4][4][10][10][10][10][10][10][10][20][20][20][20][20][20][20][20][40][40][40][40][40]
  3
[1][1][1][1][1][1][1][2][2][2][2][4][4][4][4][10][10][10][10][10][10][10][10][20][20][20][20][20][20][20][20][40]
  5
[1][1][1][1][2][2][2][2][2][4][10][10][20][20][20][20][40][40][40][40][40][40]
  3
[1][2][2][10][10][10][10][10][10][10][10][10][20][20][20][40][40][40][40][40][40][40][40][40]
1000000000
[1][2][2][2][2][2][2][2][4][4][4][4][10][10][10][10][10][10][10][20][20][20]
  4
[1][1][1][2][2][2][2][2][4][4][4][4][4][4][4][4][4][10][10][10][10][10][10][10][10][20][20][20][20][20][40][40][40][40][40][40]
  3
[1][2][2][2][2][2][4][4][4][4][4][40][40][40][40]
  3
[1][1][1][1][1][1][4][4][4][4][4][4][4][4][4][10][40]
  4
[1][1][1][1][1][1][1][1][2][2][2][2][2][2][4][4][4][4][10][10][10][10][10][10][10][40]
  4
[1][1][1][1][1][2][2][4][4][4][4][4][4][4][10][10][10][10][10][20][20][20][20][20][20][20][20][20][40][40][40][40][40][40][40][40][40]
  4
[1][1][1][1][1][1][2][2][2][2][2][2][4][10][10][10][10][10][10][10][20][20][20][20][20][20][20][20][20]
  6
[1][2][2][2][2][2][2][2][4][4][4][4][4][10][10][10][10][10][10][10][40][40]
  3
[1][1][1][1][1][1][1][2][2][2][4][4][4][4][4][20][20][20][20][40][40][40][40][40][40][40]
  6
[1][1][1][1][1][1][1][2][20][20][20][20][20][20][20][40][40][40][40][40][40]
1000000000
[1][1][1][1][1][1][1][1][1][2][2][2][2][2][2][2][4][4][4][4][10][20][20][20][20][20][20][20][40][40][40][40][40]
  3
[1][2][2][2][2][2][2][4][4][4][4][4][4][4][4][4][10][40][40]
  4
[1][1][1][1][2][2][2][2][2][2][2][2][2][4][4][4][4][4][4][4][4][10][10][10][10][10][20][20][20][20][20][20][20][40][40][40][40]
  3
[1][1][1][1][1][1][1][2][2][2][4][4][4][4][4][10][10][10][10][20][40][40][40][40][40][40]
  5
[1][1][1][1][2][2][10][10][10][10][10][10][10][10][10][20][20][20]
  2
[2][2][2][2][2][2][2][2][2][4][4][4][10][10][10][20][20][20][20][20][20][20][20][40][40][40][40][40]
  3
[1][4][4][4][4][4][4][40][40]
1000000000
[1][1][2][2][2][2][2][2][4][4][4][10][10][10][10][10][10][10][10][20][20][20][40][40][40][40][40][40]
  2
[1][1][1][1][1][1][2][2][2][2][2][2][2][4][4][4][10][10][10][10][10][10][10][20][20][40][40][40][40][40][40][40][40][40]
  3
[1][1][1][1][1][1][1][1][4][4][4][4][4][4][10][10][10][10][10][10][10][10][20][20][20][20][20][20][20][40][40]
  1
[1][1][1][1][1][1][1][1][2][4][10][10][10][20][20][20][20][20][40][40][40][40][40]
  3
[2][2][2][2][2][2][2][4][4][4][4][4][4][10][10][10][10][10][10][20][20][20][20][20][40][40][40][40]
1000000000
[1][1][1][1][1][1][2][2][2][2][2][2][2][4][4][4][4][4][4][4][10][10][10][20][40][40]
  4
[1][1][2][2][4][4][10][10][10][10][10][10][10][10][20][40][40][40][40]
  3
[1][1][1][1][1][1][1][2][2][2][2][2][2][2][2][4][4][4][4][4][4][4][10][20][20][20][20][40][40][40][40][40][40]
  4
[1][1][1][1][1][1][1][1][1][4][10][10][10][10][20][20][20][20][20][20][20][20][40][40][40][40]
  4
[1][1][1][1][1][2][2][2][2][2][2][4][4][4][4][10][10][10][10][10][10][20][20][40][40]
  5
[1][2][2][2][2][2][2][2][4][4][4][4][4][4][10][20][20][20][20][20][20][40][40][40][40]
  3
[1][1][1][1][1][2][2][2][2][2][4][4][4][4][20][20][20][20][20][40][40][40][40][40][40][40][40][40]
  6
[1][1][2][2][2][2][2][2][4][4][4][10][10][10][10][10][10][10][10][10][20][20][20][20][20][20][20][20]
  1
[1][1][1][1][1][2][2][2][4][4][4][4][10][10][40][40][40][40][40][40]
  4
[1][1][1][2][2][2][2][2][2][2][2][2][4][4][4][10][10][10][20][40][40][40][40][40][40][40]
  4
[1][1][2][2][4][4][4][4][4][10][10][10][10][20][20][20][20][20][20][40]
  4
[1][1][1][1][1][1][1][1][1][2][4][4][4][4][10][10][10][10][10][10][10][20][20][20][20][20][20][20][20][20][40][40][40][40][40][40][40][40][40]
  2
[1][1][1][2][2][2][2][2][2][2][2][4][4][4][4][4][4][4][4][4][10][10][10][10][10][10][10][20][20][20][20][20][20][20][40][40][40][40][40][40][40][40]
  1
[1][1][1][1][1][2][2][2][2][2][2][4][4][10][10][10][10][10][10][10][20][20][20][20][20][40][40][40][40][40][40][40][40]
  3
[2][2][2][4][4][4][4][4][4][4][4][10][10][10][10][10][10][10][10][20][20][20][20][20][20][40][40][40][40][40][40][40][40]
1000000000
[1][2][2][2][2][2][4][4][4][4][4][4][4][20][20][20][20][20][20][20][20][40][40][40][40][40]
  4
